0.283783784	0.040816327	0.040816327	0.34375	1
0.040540541	0.040816327	0.040816327	0.239583333	1
0.054054054	0.081632653	0.081632653	0.479166667	1
0.216216216	0.12244898	0.12244898	0.416666667	1
0.283783784	0.06122449	0.06122449	0.666666667	1
0.148648649	0.020408163	0.020408163	0.114583333	2
0.027027027	0.244897959	0.244897959	0.729166667	2
0.040540541	0.204081633	0.204081633	0.34375	2
0.189189189	0.040816327	0.040816327	0.21875	2
0.027027027	0.183673469	0.183673469	0.78125	1
0.054054054	0.326530612	0.326530612	0.729166667	2
0.189189189	0.081632653	0.081632653	0.59375	1
0.310810811	0.06122449	0.06122449	0.40625	1
0.054054054	0.040816327	0.040816327	0.041666667	2
0.216216216	0.306122449	0.306122449	0.90625	1
0.121621622	0.224489796	0.224489796	0.510416667	2
0.121621622	0.06122449	0.06122449	0.354166667	1
0.189189189	0.163265306	0.163265306	0.520833333	1
0.054054054	0.040816327	0.040816327	0.3125	1
0.283783784	0.12244898	0.12244898	0.895833333	1
0.148648649	0.102040816	0.102040816	0.34375	1
0.283783784	0.040816327	0.040816327	0.21875	2
0.189189189	0.142857143	0.142857143	0.489583333	1
0.148648649	0.102040816	0.102040816	0.520833333	1
0.189189189	0.367346939	0.367346939	0.8125	1
0.243243243	0.163265306	0.163265306	0.989583333	1
0.135135135	0.102040816	0.102040816	0.395833333	1
0.540540541	0.020408163	0.020408163	0.416666667	1
0.216216216	0.081632653	0.081632653	0.604166667	1
0.189189189	0.142857143	0.142857143	0.364583333	1
0.310810811	0.040816327	0.040816327	0.239583333	1
0.054054054	0.040816327	0.040816327	0.145833333	1
0.216216216	0.102040816	0.102040816	0.739583333	1
0.148648649	0.081632653	0.081632653	0.166666667	2
0.027027027	0.081632653	0.081632653	0.114583333	1
0.027027027	0.142857143	0.142857143	0.364583333	2
0.189189189	0.040816327	0.040816327	0.302083333	1
0.310810811	0.306122449	0.306122449	0.59375	1
0.189189189	0.081632653	0.081632653	0.3125	1
0.094594595	0.224489796	0.224489796	0.927083333	1
0.216216216	0.06122449	0.06122449	0.197916667	1
0.216216216	0.06122449	0.06122449	0.354166667	1
0.027027027	0.081632653	0.081632653	0.239583333	1
0.189189189	0.102040816	0.102040816	0.291666667	2
0.054054054	0.326530612	0.326530612	1.020833333	2
0.148648649	0.040816327	0.040816327	0.541666667	1
0.027027027	0.428571429	0.428571429	0.541666667	2
0.283783784	0.020408163	0.020408163	0.21875	2
0.027027027	0.224489796	0.224489796	0.822916667	2
0.054054054	0.06122449	0.06122449	0.166666667	2
0.216216216	0.06122449	0.06122449	0.479166667	1
0.216216216	0.040816327	0.040816327	0.166666667	1
0.148648649	0.06122449	0.06122449	0.416666667	2
0.081081081	0.040816327	0.040816327	0.114583333	2
0.148648649	0.102040816	0.102040816	0.364583333	1
0.216216216	0.040816327	0.040816327	0.28125	1
0.027027027	0.020408163	0.020408163	0.020833333	2
0.054054054	0.102040816	0.102040816	0.34375	2
0.027027027	0.040816327	0.040816327	0.041666667	2
0.027027027	0.06122449	0.06122449	0.541666667	1
0.243243243	0.040816327	0.040816327	0.239583333	1
0.027027027	0.06122449	0.06122449	0.802083333	1
0.216216216	0.020408163	0.020408163	0.166666667	1
0.148648649	0.183673469	0.183673469	0.75	2
0.283783784	0.265306122	0.265306122	0.59375	1
0.148648649	0.142857143	0.142857143	0.666666667	1
0.027027027	0.06122449	0.06122449	0.166666667	2
0.054054054	0.224489796	0.224489796	0.989583333	1
0.054054054	0.06122449	0.06122449	0.260416667	2
0.310810811	0.081632653	0.081632653	0.541666667	1
0.054054054	0.040816327	0.040816327	0.322916667	1
0.148648649	0.081632653	0.081632653	0.28125	1
0.027027027	0.040816327	0.040816327	0.34375	1
0.054054054	0.12244898	0.12244898	0.291666667	2
0.054054054	0.142857143	0.142857143	0.645833333	1
0.216216216	0.102040816	0.102040816	0.28125	1
0.216216216	0.081632653	0.081632653	0.416666667	1
0.094594595	0.102040816	0.102040816	0.364583333	1
0.189189189	0.06122449	0.06122449	0.541666667	1
0.216216216	0.081632653	0.081632653	0.291666667	1
0.216216216	0.163265306	0.163265306	0.791666667	1
0.094594595	0.285714286	0.285714286	0.5	1
0.054054054	0.183673469	0.183673469	0.395833333	2
0.189189189	0.06122449	0.06122449	0.270833333	1
0.216216216	0.06122449	0.06122449	0.21875	1
0.054054054	0.183673469	0.183673469	0.541666667	1
0.054054054	0.163265306	0.163265306	0.416666667	2
0.148648649	0.081632653	0.081632653	0.614583333	1
0.054054054	0.142857143	0.142857143	0.333333333	2
0.189189189	0.102040816	0.102040816	0.770833333	1
0.189189189	0.06122449	0.06122449	0.197916667	2
0.310810811	0.06122449	0.06122449	0.34375	1
0.148648649	0.448979592	0.448979592	1.020833333	1
0.121621622	0.183673469	0.183673469	0.5625	1
0.310810811	0.06122449	0.06122449	0.291666667	1
0.337837838	0.12244898	0.12244898	0.520833333	1
0.013513514	0.204081633	0.204081633	0.447916667	2
0.040540541	0.428571429	0.428571429	0.4375	2
0.189189189	0.12244898	0.12244898	0.53125	1
0.094594595	0.204081633	0.204081633	0.489583333	1
0.216216216	0.326530612	0.326530612	0.802083333	1
0.283783784	0.12244898	0.12244898	0.5	1
0.189189189	0.020408163	0.020408163	0.145833333	1
0.108108108	0.040816327	0.040816327	0.166666667	1
0.040540541	0.020408163	0.020408163	0.03125	2
0.189189189	0.06122449	0.06122449	0.21875	1
0.054054054	0.163265306	0.163265306	0.479166667	2
0.283783784	0.020408163	0.020408163	0.21875	1
0.283783784	0.142857143	0.142857143	0.395833333	1
0.189189189	0.142857143	0.142857143	0.75	1
0.283783784	0.040816327	0.040816327	0.427083333	1
0.216216216	0.12244898	0.12244898	0.364583333	2
0.054054054	0.06122449	0.06122449	0.739583333	1
0.283783784	0.06122449	0.06122449	0.364583333	1
0.148648649	0.12244898	0.12244898	0.739583333	1
0.027027027	0.081632653	0.081632653	0.729166667	1
0.216216216	0.142857143	0.142857143	0.90625	2
0.027027027	0.163265306	0.163265306	0.395833333	2
0.283783784	0.326530612	0.326530612	0.666666667	1
0.148648649	0.163265306	0.163265306	0.479166667	1
0.148648649	0.040816327	0.040816327	0.395833333	2
0.054054054	0.12244898	0.12244898	0.239583333	2
0.216216216	0.081632653	0.081632653	0.46875	1
0.189189189	0.326530612	0.326530612	1.020833333	1
0.054054054	0.102040816	0.102040816	0.364583333	2
0.189189189	0.06122449	0.06122449	0.34375	1
0.175675676	0.142857143	0.142857143	0.791666667	1
0.162162162	0.183673469	0.183673469	0.625	1
0.040540541	0.102040816	0.102040816	0.125	2
0.189189189	0.12244898	0.12244898	0.354166667	1
0.027027027	0.12244898	0.12244898	0.427083333	2
0.054054054	0.102040816	0.102040816	0.239583333	2
0.297297297	0.020408163	0.020408163	0.229166667	2
0.054054054	0.163265306	0.163265306	0.291666667	1
0.027027027	0.06122449	0.06122449	0.21875	1
0.148648649	0.040816327	0.040816327	0.114583333	1
0.189189189	0.163265306	0.163265306	0.520833333	2
0.310810811	0.163265306	0.163265306	0.666666667	1
0.121621622	0.06122449	0.06122449	0.541666667	1
0.216216216	0.06122449	0.06122449	0.21875	2
0.216216216	0.142857143	0.142857143	0.40625	1
0.189189189	0.040816327	0.040816327	0.364583333	2
0.162162162	0.224489796	0.224489796	0.40625	1
0.189189189	0.06122449	0.06122449	0.864583333	1
0.189189189	0.102040816	0.102040816	0.270833333	1
0.310810811	0.06122449	0.06122449	0.427083333	1
0.189189189	0.040816327	0.040816327	0.145833333	2
0.22972973	0.142857143	0.142857143	0.604166667	2
0.148648649	0.040816327	0.040816327	0.25	1
0.216216216	0.06122449	0.06122449	0.416666667	1
0.027027027	0.265306122	0.265306122	0.333333333	2
0.148648649	0.163265306	0.163265306	0.427083333	2
0.148648649	0.040816327	0.040816327	0.145833333	1
0.027027027	0.102040816	0.102040816	0.34375	2
0.027027027	0.142857143	0.142857143	0.802083333	1
0.189189189	0.102040816	0.102040816	0.666666667	1
0.310810811	0.06122449	0.06122449	0.5	1
0.189189189	0.06122449	0.06122449	0.322916667	1
0.054054054	0.183673469	0.183673469	0.291666667	1
0.310810811	0.102040816	0.102040816	0.604166667	1
0.148648649	0.102040816	0.102040816	0.1875	1
0.067567568	0.224489796	0.224489796	0.78125	1
0.310810811	0.040816327	0.040816327	0.270833333	1
0.121621622	0.183673469	0.183673469	0.395833333	1
0.027027027	0.836734694	0.836734694	1.020833333	2
0.189189189	0.081632653	0.081632653	0.416666667	1
0.283783784	0.081632653	0.081632653	0.541666667	1
0.027027027	0.306122449	0.306122449	0.666666667	1
0.216216216	0.142857143	0.142857143	0.666666667	1
0.148648649	0.040816327	0.040816327	0.21875	1
0.027027027	0.040816327	0.040816327	0.229166667	1
0.148648649	0.06122449	0.06122449	0.239583333	1
0.310810811	0.06122449	0.06122449	0.645833333	1
0.216216216	0.06122449	0.06122449	0.520833333	1
0.189189189	0.326530612	0.326530612	0.729166667	1
0.283783784	0.06122449	0.06122449	0.270833333	2
0.189189189	0.081632653	0.081632653	0.395833333	1
0.040540541	0.081632653	0.081632653	0.302083333	2
0.027027027	0.06122449	0.06122449	0.395833333	2
0.310810811	0.285714286	0.285714286	0.96875	1
0.108108108	0.183673469	0.183673469	0.666666667	1
0.054054054	0.326530612	0.326530612	0.395833333	2
0.513513514	0.020408163	0.020408163	0.395833333	1
0.310810811	0.775510204	0.775510204	1.020833333	1
0.310810811	0.020408163	0.020408163	0.239583333	1
0.027027027	0.06122449	0.06122449	0.25	1
0.310810811	0.12244898	0.12244898	0.729166667	1
0.027027027	0.142857143	0.142857143	0.333333333	2
0.216216216	0.040816327	0.040816327	0.270833333	1
0.351351351	0.102040816	0.102040816	0.510416667	2
0.148648649	0.040816327	0.040816327	0.260416667	1
0.094594595	0.183673469	0.183673469	0.927083333	2
0.148648649	0.285714286	0.285714286	0.760416667	2
0.121621622	0.163265306	0.163265306	0.395833333	2
0.189189189	0.06122449	0.06122449	0.364583333	1
0.972972973	0.020408163	0.020408163	0.75	1
0.310810811	0.163265306	0.163265306	0.479166667	1
0.054054054	0.040816327	0.040816327	0.541666667	1
0.189189189	0.081632653	0.081632653	0.239583333	2
0.027027027	0.12244898	0.12244898	0.229166667	2
0.054054054	0.040816327	0.040816327	0.239583333	1
0.283783784	0.06122449	0.06122449	0.729166667	1
0.148648649	0.102040816	0.102040816	0.395833333	1
0.027027027	0.142857143	0.142857143	0.479166667	2
0.027027027	0.040816327	0.040816327	0.104166667	2
0.027027027	0.12244898	0.12244898	0.46875	1
0.310810811	0.020408163	0.020408163	0.239583333	2
0.310810811	0.081632653	0.081632653	0.90625	1
0.148648649	0.06122449	0.06122449	0.15625	1
0.148648649	0.102040816	0.102040816	0.427083333	1
0.027027027	0.081632653	0.081632653	0.145833333	1
0.027027027	0.12244898	0.12244898	0.489583333	1
0.148648649	0.12244898	0.12244898	0.291666667	1
1	0.020408163	0.020408163	0.770833333	1
0.067567568	0.489795918	0.489795918	0.822916667	1
0.216216216	0.06122449	0.06122449	0.239583333	1
0.148648649	0.224489796	0.224489796	0.395833333	1
0.216216216	0.12244898	0.12244898	0.84375	1
0.121621622	0.040816327	0.040816327	0.270833333	1
0.283783784	0.06122449	0.06122449	0.270833333	1
0.310810811	0.387755102	0.387755102	0.645833333	1
0.027027027	0.040816327	0.040816327	0.239583333	1
0.027027027	0.87755102	0.87755102	0.895833333	2
0.054054054	0.040816327	0.040816327	0.135416667	1
0.054054054	0.12244898	0.12244898	0.395833333	2
0.148648649	0.06122449	0.06122449	0.385416667	1
0.189189189	0.040816327	0.040816327	0.364583333	1
0.310810811	0.244897959	0.244897959	0.895833333	1
0.027027027	0.081632653	0.081632653	0.447916667	1
0.054054054	0.081632653	0.081632653	0.041666667	2
0.027027027	0.142857143	0.142857143	0.604166667	2
0.027027027	0.12244898	0.12244898	0.364583333	2
0.216216216	0.244897959	0.244897959	0.520833333	1
0.189189189	0.163265306	0.163265306	0.479166667	1
0.310810811	0.06122449	0.06122449	0.416666667	1
0.148648649	0.244897959	0.244897959	0.604166667	1
0.067567568	0.142857143	0.142857143	0.270833333	2
0.148648649	0.06122449	0.06122449	0.291666667	1
0.027027027	0.12244898	0.12244898	0.270833333	1
0.054054054	0.12244898	0.12244898	0.364583333	2
0.054054054	0.040816327	0.040816327	0.53125	2
0.310810811	0.040816327	0.040816327	0.291666667	1
0.054054054	0.102040816	0.102040816	0.770833333	1
0.189189189	0.102040816	0.102040816	0.520833333	1
0.283783784	0.040816327	0.040816327	0.541666667	1
0.202702703	0.102040816	0.102040816	0.34375	1
0.121621622	0.040816327	0.040816327	0.114583333	1
0.040540541	0.102040816	0.102040816	0.395833333	1
0.054054054	0.040816327	0.040816327	0.427083333	1
0.216216216	0.040816327	0.040816327	0.729166667	1
0.283783784	0.040816327	0.040816327	0.270833333	1
0.054054054	0.12244898	0.12244898	0.427083333	2
0.027027027	0.224489796	0.224489796	0.270833333	1
0.216216216	0.06122449	0.06122449	0.895833333	1
0.027027027	0.224489796	0.224489796	0.427083333	2
0.148648649	0.142857143	0.142857143	0.385416667	1
0.310810811	0.142857143	0.142857143	0.916666667	1
0.216216216	0.163265306	0.163265306	0.291666667	1
0.067567568	0.12244898	0.12244898	0.291666667	1
0.054054054	0.040816327	0.040816327	0.614583333	1
0.527027027	0.020408163	0.020408163	0.40625	1
0.054054054	0.102040816	0.102040816	0.270833333	2
0.027027027	0.081632653	0.081632653	0.166666667	2
0.310810811	0.06122449	0.06122449	0.927083333	1
0.189189189	0.102040816	0.102040816	0.291666667	1
0.202702703	0.326530612	0.326530612	0.854166667	1
0.148648649	0.326530612	0.326530612	0.927083333	1
0.216216216	0.06122449	0.06122449	0.364583333	1
0.027027027	0.102040816	0.102040816	0.489583333	2
0.216216216	0.081632653	0.081632653	0.239583333	1
0.054054054	0.040816327	0.040816327	0.09375	1
0.148648649	0.040816327	0.040816327	0.729166667	1
0.189189189	0.265306122	0.265306122	0.59375	1
0.216216216	0.142857143	0.142857143	0.96875	1
0.283783784	0.040816327	0.040816327	0.260416667	1
0.054054054	0.163265306	0.163265306	0.5	2
0.027027027	0.265306122	0.265306122	0.791666667	2
0.216216216	0.224489796	0.224489796	0.416666667	1
0.054054054	0.081632653	0.081632653	0.427083333	1
0.148648649	0.102040816	0.102040816	0.385416667	2
0.013513514	0.285714286	0.285714286	0.989583333	1
0.054054054	0.081632653	0.081632653	0.145833333	2
0.216216216	0.12244898	0.12244898	0.520833333	1
0.189189189	0.040816327	0.040816327	0.145833333	1
0.054054054	0.020408163	0.020408163	0.041666667	2
0.081081081	0.06122449	0.06122449	0.270833333	1
0.472972973	0.06122449	0.06122449	0.666666667	1
0.148648649	0.081632653	0.081632653	0.291666667	1
0.027027027	0.06122449	0.06122449	0.114583333	1
0.189189189	0.06122449	0.06122449	0.427083333	1
0.310810811	0.040816327	0.040816327	0.90625	1
0.216216216	0.285714286	0.285714286	0.864583333	1
0.054054054	0.040816327	0.040816327	0.302083333	1
0.054054054	0.673469388	0.673469388	1.020833333	2
0.054054054	0.224489796	0.224489796	0.666666667	2
0.189189189	0.06122449	0.06122449	0.822916667	1
0.216216216	0.204081633	0.204081633	0.645833333	1
0.054054054	0.06122449	0.06122449	0.291666667	1
0.162162162	0.306122449	0.306122449	0.739583333	1
0.054054054	0.142857143	0.142857143	0.854166667	1
0.108108108	0.183673469	0.183673469	0.604166667	1
0.175675676	0.081632653	0.081632653	0.21875	1
0.027027027	0.12244898	0.12244898	0.270833333	2
0.189189189	0.102040816	0.102040816	0.145833333	1
0.027027027	0.040816327	0.040816327	0.114583333	2
0.027027027	0.12244898	0.12244898	0.78125	1
0.054054054	0.265306122	0.265306122	0.40625	2
0.189189189	0.081632653	0.081632653	0.229166667	2
0.027027027	0.224489796	0.224489796	0.239583333	1
0.189189189	0.081632653	0.081632653	0.291666667	2
0.148648649	0.346938776	0.346938776	0.822916667	2
0.27027027	0.285714286	0.285714286	0.71875	2
0.121621622	0.102040816	0.102040816	0.53125	2
0.148648649	0.142857143	0.142857143	0.645833333	2
0.027027027	0.224489796	0.224489796	0.416666667	2
0.148648649	0.163265306	0.163265306	0.5	1
0.310810811	0.040816327	0.040816327	0.395833333	1
0.148648649	0.06122449	0.06122449	0.270833333	1
0.148648649	0.12244898	0.12244898	0.604166667	1
0.283783784	0.06122449	0.06122449	0.416666667	1
0.054054054	0.081632653	0.081632653	0.1875	1
0.040540541	0.285714286	0.285714286	0.364583333	1
0.148648649	0.081632653	0.081632653	0.354166667	1
0.121621622	0.06122449	0.06122449	0.145833333	1
0.094594595	0.102040816	0.102040816	0.541666667	1
0.162162162	0.244897959	0.244897959	0.604166667	1
0.162162162	0.265306122	0.265306122	0.614583333	1
0.027027027	0.224489796	0.224489796	0.291666667	1
0.148648649	0.06122449	0.06122449	0.791666667	1
0.310810811	0.163265306	0.163265306	0.71875	1
0.216216216	0.081632653	0.081632653	0.34375	1
0.054054054	0.040816327	0.040816327	0.09375	2
0.283783784	0.040816327	0.040816327	0.21875	1
0.027027027	0.204081633	0.204081633	0.541666667	1
0.094594595	0.040816327	0.040816327	0.166666667	1
0.054054054	0.081632653	0.081632653	0.270833333	2
0.283783784	0.040816327	0.040816327	0.239583333	1
0.054054054	0.06122449	0.06122449	0.354166667	1
0.054054054	0.081632653	0.081632653	0.447916667	2
0.148648649	0.142857143	0.142857143	0.78125	1
0.027027027	0.897959184	0.897959184	1.020833333	1
0.189189189	0.142857143	0.142857143	0.760416667	1
0.040540541	0.163265306	0.163265306	0.520833333	1
0.148648649	0.163265306	0.163265306	0.75	1
0.189189189	0.06122449	0.06122449	0.291666667	1
0.175675676	0.06122449	0.06122449	0.145833333	2
0.081081081	0.448979592	0.448979592	0.291666667	2
0.121621622	0.020408163	0.020408163	0.09375	1
0.027027027	0.12244898	0.12244898	0.291666667	2
0.148648649	0.081632653	0.081632653	0.604166667	1
0.121621622	0.081632653	0.081632653	0.677083333	1
0.216216216	0.12244898	0.12244898	0.364583333	1
0.148648649	0.06122449	0.06122449	0.166666667	2
0.148648649	0.040816327	0.040816327	0.177083333	1
0.054054054	0.12244898	0.12244898	0.479166667	1
0.189189189	0.142857143	0.142857143	0.46875	1
0.216216216	0.142857143	0.142857143	0.395833333	1
0.148648649	0.081632653	0.081632653	0.770833333	1
0.148648649	0.020408163	0.020408163	0.114583333	1
0.148648649	0.081632653	0.081632653	0.635416667	1
0.283783784	0.040816327	0.040816327	0.364583333	1
0.189189189	0.081632653	0.081632653	0.270833333	1
0.054054054	0.102040816	0.102040816	0.604166667	1
0.310810811	0.102040816	0.102040816	0.34375	1
0.283783784	0.06122449	0.06122449	0.395833333	1
0.027027027	0.040816327	0.040816327	0.427083333	1
0.189189189	0.163265306	0.163265306	0.270833333	1
0.310810811	0.06122449	0.06122449	0.364583333	1
0.310810811	0.081632653	0.081632653	0.46875	1
0.027027027	0.06122449	0.06122449	0.364583333	1
0.121621622	0.040816327	0.040816327	0.541666667	1
0.054054054	0.12244898	0.12244898	0.447916667	1
0.216216216	0.102040816	0.102040816	0.625	1
0.216216216	0.142857143	0.142857143	0.291666667	1
0.108108108	0.163265306	0.163265306	0.541666667	2
0.175675676	0.06122449	0.06122449	0.166666667	1
0.054054054	0.163265306	0.163265306	0.354166667	2
0.121621622	0.040816327	0.040816327	0.166666667	2
0.148648649	0.12244898	0.12244898	0.427083333	1
0.310810811	0.081632653	0.081632653	0.552083333	1
0.027027027	0.693877551	0.693877551	0.802083333	2
0.054054054	0.12244898	0.12244898	0.3125	1
0.148648649	0.040816327	0.040816327	0.270833333	1
0.027027027	0.06122449	0.06122449	0.78125	2
0.310810811	0.12244898	0.12244898	0.46875	1
0.054054054	0.183673469	0.183673469	0.572916667	1
0.054054054	0.040816327	0.040816327	0.479166667	1
0.148648649	0.040816327	0.040816327	0.166666667	1
0.054054054	0.081632653	0.081632653	0.166666667	1
0.027027027	0.102040816	0.102040816	0.65625	1
0.054054054	0.285714286	0.285714286	0.895833333	1
0.054054054	0.102040816	0.102040816	0.479166667	1
0	0.530612245	0.530612245	0.791666667	2
0.216216216	0.102040816	0.102040816	0.416666667	2
0.094594595	0.244897959	0.244897959	0.895833333	1
0.148648649	0.163265306	0.163265306	0.541666667	2
0.216216216	0.204081633	0.204081633	0.927083333	1
0.189189189	0.081632653	0.081632653	0.666666667	1
0.283783784	0.102040816	0.102040816	0.625	1
0.189189189	0.040816327	0.040816327	0.166666667	1
0.054054054	0.081632653	0.081632653	0.354166667	2
