0.236819901415	0.117505825962	0.0664533807619	0.409554533993	1	
0.141532860524	0.148137293082	0.0664533807619	0.596148056512	1	
0.212998141192	0.168558271162	0.148137293082	0.596148056512	1	
0.117711100301	0.0664533807619	0.148137293082	0.596148056512	1	
0.177265500858	0.117505825962	0.0868743588419	0.549499675882	1	
0.0938706564107	0.157798833875	0.157798833875	0.469445730622	2	
0.0938706564107	0.204215378689	0.0804379258509	0.516908558971	2	
0.134011934459	0.0804379258509	0.235159741899	0.469445730622	2	
0.11795542324	0.235159741899	0.157798833875	0.469445730622	2	
0.11795542324	0.235159741899	0.204215378689	0.279594417225	2	
